,phoneme,stop,time
0,sil,0.4016696,0.0
1,p,0.91394466,0.025
2,p,0.9680093,0.05
3,a,0.7636425,0.07500000000000001
4,a,0.21928,0.1
5,a,0.016789032,0.125
6,a,0.008377843,0.15000000000000002
7,a,0.008042035,0.17500000000000002
8,a,0.40962216,0.2
9,a,0.6846899,0.225
10,t,0.92873186,0.25
11,t,0.9949393,0.275
12,a,0.7780134,0.30000000000000004
13,a,0.017390039,0.325
14,a,0.19983253,0.35000000000000003
15,a,0.34847882,0.375
16,a,0.09056258,0.4
17,a,0.88630223,0.42500000000000004
18,k,0.9508751,0.45
19,k,0.97961706,0.47500000000000003
20,k,0.7633211,0.5
21,a,0.12622812,0.525
22,a,0.017758401,0.55
23,a,0.08723694,0.5750000000000001
24,p,0.79897934,0.6000000000000001
25,p,0.8968904,0.625
26,p,0.9254113,0.65
27,p,0.99238104,0.675
28,p,0.96432143,0.7000000000000001
29,a,0.78417265,0.7250000000000001
30,a,0.1289399,0.75
31,a,0.00035490905,0.775
32,a,9.884837e-05,0.8
33,a,0.2097069,0.8250000000000001
34,a,0.6406681,0.8500000000000001
35,a,0.7671162,0.875
36,t,0.9299475,0.9
37,t,0.99166626,0.925
38,a,0.58400196,0.9500000000000001
39,a,0.22985056,0.9750000000000001
40,a,0.019130873,1.0
41,a,0.032448187,1.0250000000000001
42,a,0.82844377,1.05
43,a,0.8942426,1.075
44,a,0.892746,1.1
45,a,0.76224864,1.125
46,a,0.32871538,1.1500000000000001
47,a,0.0047941543,1.175
48,a,0.0045560617,1.2000000000000002
49,p,0.6629443,1.225
50,p,0.8331875,1.25
51,p,0.9229602,1.2750000000000001
52,p,0.9931926,1.3
53,p,0.9072706,1.3250000000000002
54,a,0.21115755,1.35
55,a,0.00031309007,1.375
56,a,0.00016004844,1.4000000000000001
57,a,0.30987862,1.425
58,a,0.37153724,1.4500000000000002
59,a,0.7369189,1.475
60,a,0.9511498,1.5
61,a,0.7789913,1.5250000000000001
62,a,0.087649114,1.55
63,a,0.5740778,1.5750000000000002
64,a,0.04207092,1.6
65,a,0.64054257,1.625
66,k,0.95470923,1.6500000000000001
67,k,0.9914192,1.675
68,k,0.9894755,1.7000000000000002
69,a,0.64294523,1.725
70,a,0.0016734175,1.75
71,a,0.0026158541,1.7750000000000001
72,a,0.5735465,1.8
73,p,0.68644017,1.8250000000000002
74,p,0.82429147,1.85
75,p,0.987855,1.875
76,p,0.97633386,1.9000000000000001
77,a,0.8285317,1.925
78,a,0.030125398,1.9500000000000002
79,a,0.033521537,1.975
80,a,0.14132799,2.0
81,t,0.87111396,2.025
82,t,0.9779017,2.0500000000000003
83,t,0.9969037,2.075
84,a,0.9095514,2.1
85,a,0.07132648,2.125
86,a,0.024480147,2.15
87,a,0.028627874,2.1750000000000003
88,a,0.6123784,2.2
89,k,0.976541,2.225
90,k,0.9940335,2.25
91,k,0.98326796,2.275
92,a,0.66152596,2.3000000000000003
93,a,0.0066056047,2.325
94,a,0.0048166476,2.35
95,a,0.7386043,2.375
96,p,0.8654994,2.4000000000000004
97,p,0.93299216,2.4250000000000003
98,p,0.99518013,2.45
99,p,0.94839287,2.475
100,a,0.13924855,2.5
101,a,0.0052233087,2.5250000000000004
102,a,0.00095279387,2.5500000000000003
103,a,0.63352066,2.575
104,a,0.81920594,2.6
105,t,0.9455396,2.625
106,t,0.9946161,2.6500000000000004
107,a,0.9445233,2.6750000000000003
108,a,0.17890923,2.7
109,a,0.062406797,2.725
110,a,0.21661331,2.75
111,k,0.89877033,2.7750000000000004
112,k,0.9523181,2.8000000000000003
113,k,0.9806716,2.825
114,k,0.9810508,2.85
115,a,0.8888629,2.875
116,a,0.008340565,2.9000000000000004
117,a,0.0038846203,2.9250000000000003
118,a,0.013361533,2.95
119,a,0.20776631,2.975
