,nasal,phoneme,time
0,0.9831517,m,0.0
1,0.99437284,m,0.025
2,0.9113548,m,0.05
3,0.0034961612,i,0.07500000000000001
4,3.7429672e-05,i,0.1
5,0.0042234296,i,0.125
6,0.095573194,i,0.15000000000000002
7,0.35020804,k,0.17500000000000002
8,0.41680554,k,0.2
9,0.5824,k,0.225
10,0.3687723,a,0.25
11,0.72292143,a,0.275
12,0.9416243,a,0.30000000000000004
13,0.90293795,s,0.325
14,0.007204851,s,0.35000000000000003
15,4.148823e-05,a,0.375
16,0.20496893,a,0.4
17,3.583986e-05,a,0.42500000000000004
18,0.6634676,a,0.45
19,0.6994623,a,0.47500000000000003
20,0.21329923,a,0.5
21,1.4127142e-05,i,0.525
22,9.830057e-06,i,0.55
23,0.00023162812,i,0.5750000000000001
24,0.00012351171,i,0.6000000000000001
25,0.9676628,n,0.625
26,0.99576306,n,0.65
27,0.8867546,n,0.675
28,0.0001206402,e,0.7000000000000001
29,0.44038492,e,0.7250000000000001
30,0.7624334,t,0.75
31,0.00011416004,t,0.775
32,1.8348017e-06,t,0.8
33,2.4188059e-05,t,0.8250000000000001
34,0.00045374894,e,0.8500000000000001
35,3.572984e-05,e,0.875
36,7.5008224e-06,s,0.9
37,4.5347733e-06,s,0.925
38,6.994693e-06,s,0.9500000000000001
39,0.00012766468,s,0.9750000000000001
40,2.1614604e-05,k,1.0
41,0.00057964324,k,1.0250000000000001
42,0.0146084335,u,1.05
43,0.0009015018,u,1.075
44,3.822837e-06,u,1.1
45,1.686421e-05,a,1.125
46,0.00038023308,a,1.1500000000000001
47,0.0045906594,a,1.175
48,0.06252398,a,1.2000000000000002
49,0.29929012,t,1.225
50,0.0022767382,t,1.25
51,1.308963e-05,t,1.2750000000000001
52,0.005710525,o,1.3
53,7.986363e-05,o,1.3250000000000002
54,8.4818726e-07,s,1.35
55,5.016965e-07,s,1.375
56,5.074816e-07,s,1.4000000000000001
57,5.9172834e-07,s,1.425
58,1.1668167e-06,sil,1.4500000000000002
59,1.04709825e-05,sil,1.475
