,back,nasal,phoneme,strident,time
0,0.0008425905,1.2430854e-06,sil,0.004716596,0.0
1,0.000516674,1.4286989e-06,sil,0.0015526615,0.025
2,0.0008003467,9.772386e-06,sil,0.0012830831,0.05
3,0.0010147508,9.181327e-06,sil,0.00055318954,0.07500000000000001
4,0.0010530581,0.0013928687,sil,0.0025585578,0.1
5,0.021490362,0.9785888,sil,0.00018920349,0.125
6,0.002301297,0.9618173,sil,1.0699933e-06,0.15000000000000002
7,0.0043200892,0.026415583,e,8.145114e-07,0.17500000000000002
8,0.0064820144,5.422479e-05,e,4.687596e-06,0.2
9,0.006637603,3.1777067e-06,x,0.66787124,0.225
10,0.010568206,2.2739455e-06,x,0.8408887,0.25
11,0.013765256,6.531609e-07,x,0.60536057,0.275
12,0.24419329,1.6052296e-07,x,0.066729575,0.30000000000000004
13,0.9863318,2.464412e-05,a,5.4734293e-05,0.325
14,0.9950648,4.0547134e-06,a,1.7124728e-05,0.35000000000000003
15,0.990022,9.440756e-06,a,6.78112e-06,0.375
16,0.8964094,5.940097e-06,a,0.09913446,0.4
17,0.06533794,3.496983e-07,s,0.9807227,0.42500000000000004
18,0.009589569,2.6662244e-07,s,0.9780602,0.45
19,0.76095736,0.00013178839,s,0.8508924,0.47500000000000003
20,0.97852314,0.00022303498,a,0.00020843724,0.5
21,0.97003675,0.000106222644,a,0.00086141925,0.525
22,0.23307681,2.8152348e-07,a,0.20061527,0.55
23,0.0077237003,1.9607003e-07,a,0.33633187,0.5750000000000001
24,0.00051467906,1.638476e-08,a,0.05082874,0.6000000000000001
25,0.00053119846,1.7185554e-09,i,0.00023940548,0.625
26,0.0007145403,2.2669529e-07,i,1.0643581e-06,0.65
27,0.0007799225,8.525109e-05,i,1.4501045e-07,0.675
28,0.0011105384,0.015768953,i,4.5095814e-07,0.7000000000000001
29,0.0033434087,0.9166557,n,3.5138302e-05,0.7250000000000001
30,0.005815073,0.96658504,n,1.2883104e-06,0.75
31,0.0016040626,0.8685436,e,2.0960384e-08,0.775
32,0.004248466,0.03770186,e,5.3362857e-07,0.8
33,0.0065028216,0.000259855,e,4.2168668e-07,0.8250000000000001
34,0.0015843277,0.003053925,e,0.5439695,0.8500000000000001
35,0.001225698,0.0005551711,t,0.60704994,0.875
36,0.0004351802,5.7114943e-05,t,0.02172621,0.9
37,0.010837657,1.3140593e-07,t,0.03268221,0.925
38,0.39377278,0.00010981759,e,1.9911971e-07,0.9500000000000001
39,0.30538216,0.023196043,e,1.3371368e-06,0.9750000000000001
40,0.038896356,2.7192435e-05,e,0.017935408,1.0
41,0.0017555134,0.00023778102,s,0.9765211,1.0250000000000001
42,0.0007440513,2.9977591e-05,s,0.98950446,1.05
43,0.00047015346,1.8739847e-07,s,0.9892537,1.075
44,0.0012678445,2.6795793e-05,s,0.9456709,1.1
45,0.0031170023,1.04232395e-05,k,0.4108755,1.125
46,0.010345498,5.3965925e-07,k,0.0068235514,1.1500000000000001
47,0.13465807,2.937291e-08,k,2.2461043e-05,1.175
48,0.6105735,4.4592755e-07,k,2.435802e-07,1.2000000000000002
49,0.99278873,2.8638224e-06,u,7.375029e-08,1.225
50,0.9949941,4.9528256e-07,u,1.3845481e-07,1.25
51,0.99110353,1.6468106e-05,a,1.5489679e-06,1.2750000000000001
52,0.9772289,1.6323939e-07,a,5.9288004e-06,1.3
53,0.39333263,1.5878767e-06,a,7.339078e-07,1.3250000000000002
54,0.022503113,1.0282647e-05,r,7.995453e-07,1.35
55,0.0013141099,0.017287154,r,2.9733717e-06,1.375
56,0.0004257023,0.014826362,r,1.448624e-05,1.4000000000000001
57,0.00046730397,0.0036823328,r,1.557525e-05,1.425
58,0.00048528324,0.0015470956,t,0.00052596326,1.4500000000000002
59,0.0017271847,0.0001869857,t,0.0001230435,1.475
60,0.801609,0.022490235,o,0.00096371537,1.5
61,0.9607282,0.014062212,o,0.00024367224,1.5250000000000001
62,0.85149544,0.0027971363,o,0.019158786,1.55
63,0.2135744,4.489608e-05,s,0.89863646,1.5750000000000002
64,0.024204953,2.226228e-06,s,0.96463835,1.6
65,0.01792902,6.3729494e-06,s,0.9809518,1.625
66,0.014551543,3.6154586e-05,s,0.98555726,1.6500000000000001
67,0.052710436,7.9372105e-05,s,0.9842024,1.675
68,0.057366364,0.0016732122,s,0.9828788,1.7000000000000002
69,0.0033275394,0.0010707796,s,0.9859693,1.725
70,0.007223033,6.221403e-05,s,0.9540762,1.75
71,0.015395005,3.578035e-06,sil,0.7536647,1.7750000000000001
72,0.023367418,2.6995085e-05,sil,0.2517911,1.8
73,0.00653406,7.3176154e-05,sil,0.26589003,1.8250000000000002
74,0.0026888188,9.889136e-05,sil,0.24342489,1.85
75,0.004928309,3.568952e-05,sil,0.20723654,1.875
76,0.008412139,0.00015116355,sil,0.23721072,1.9000000000000001
77,0.004940296,0.0012595676,sil,0.3648691,1.925
78,0.003075421,0.0002415099,sil,0.36605424,1.9500000000000002
79,0.0059773605,6.104959e-05,sil,0.4971244,1.975
