,phoneme,strident,time
0,sil,0.004716596,0.0
1,sil,0.0015526615,0.025
2,sil,0.0012830831,0.05
3,sil,0.00055318954,0.07500000000000001
4,sil,0.0025585578,0.1
5,sil,0.00018920349,0.125
6,sil,1.0699933e-06,0.15000000000000002
7,e,8.145114e-07,0.17500000000000002
8,e,4.687596e-06,0.2
9,x,0.66787124,0.225
10,x,0.8408887,0.25
11,x,0.60536057,0.275
12,x,0.066729575,0.30000000000000004
13,a,5.4734293e-05,0.325
14,a,1.7124728e-05,0.35000000000000003
15,a,6.78112e-06,0.375
16,a,0.09913446,0.4
17,s,0.9807227,0.42500000000000004
18,s,0.9780602,0.45
19,s,0.8508924,0.47500000000000003
20,a,0.00020843724,0.5
21,a,0.00086141925,0.525
22,a,0.20061527,0.55
23,a,0.33633187,0.5750000000000001
24,a,0.05082874,0.6000000000000001
25,i,0.00023940548,0.625
26,i,1.0643581e-06,0.65
27,i,1.4501045e-07,0.675
28,i,4.5095814e-07,0.7000000000000001
29,n,3.5138302e-05,0.7250000000000001
30,n,1.2883104e-06,0.75
31,e,2.0960384e-08,0.775
32,e,5.3362857e-07,0.8
33,e,4.2168668e-07,0.8250000000000001
34,e,0.5439695,0.8500000000000001
35,t,0.60704994,0.875
36,t,0.02172621,0.9
37,t,0.03268221,0.925
38,e,1.9911971e-07,0.9500000000000001
39,e,1.3371368e-06,0.9750000000000001
40,e,0.017935408,1.0
41,s,0.9765211,1.0250000000000001
42,s,0.98950446,1.05
43,s,0.9892537,1.075
44,s,0.9456709,1.1
45,k,0.4108755,1.125
46,k,0.0068235514,1.1500000000000001
47,k,2.2461043e-05,1.175
48,k,2.435802e-07,1.2000000000000002
49,u,7.375029e-08,1.225
50,u,1.3845481e-07,1.25
51,a,1.5489679e-06,1.2750000000000001
52,a,5.9288004e-06,1.3
53,a,7.339078e-07,1.3250000000000002
54,r,7.995453e-07,1.35
55,r,2.9733717e-06,1.375
56,r,1.448624e-05,1.4000000000000001
57,r,1.557525e-05,1.425
58,t,0.00052596326,1.4500000000000002
59,t,0.0001230435,1.475
60,o,0.00093582214,1.5
61,o,0.00017948775,1.5250000000000001
62,o,0.01535588,1.55
63,s,0.8946512,1.5750000000000002
64,s,0.96118283,1.6
65,s,0.9789419,1.625
66,s,0.98400694,1.6500000000000001
67,s,0.9825801,1.675
68,s,0.98140323,1.7000000000000002
69,s,0.9852035,1.725
70,sil,0.9371605,1.75
71,sil,0.7593814,1.7750000000000001
72,sil,0.42397863,1.8
73,sil,0.27564052,1.8250000000000002
74,sil,0.15580152,1.85
75,sil,0.12317162,1.875
76,sil,0.19064316,1.9000000000000001
77,sil,0.19158518,1.925
78,sil,0.32087755,1.9500000000000002
79,sil,0.41067833,1.975
